COLS: 649,ROWS:  567
Temp_COLS: 649,Temp_ROWS:  567
Copying image


 Thresholded Image
0   0   0   0   0   0   0   0   0    
0   255 255 0   0   0   0   0   0    
0   255 255 0   0   0   0   0   0    
0   255 255 0   0   0   0   0   0    
0   255 255 0   0   255 255 0   0    
0   255 255 0   255 255 0   0   0    
0   255 255 255 255 0   0   0   0    
0   255 255 255 0   0   0   0   0    
0   255 255 255 0   0   0   0   0    
0   255 255 255 255 0   0   0   0    
0   255 255 0   255 255 0   0   0    
0   255 0   0   0   255 255 0   0    
0   255 0   0   0   0   255 0   0    
0   0   0   0   0   0   0   0   0    
0   0   0   0   0   0   0   0   0    


 Thinned Image: 
0   0   0   0   0   0   0   0   0    
0   0   0   0   0   0   0   0   0    
0   255 0   0   0   0   0   0   0    
0   255 0   0   0   0   0   0   0    
0   255 0   0   0   255 255 0   0    
0   255 0   0   255 255 0   0   0    
0   255 255 255 255 0   0   0   0    
0   255 0   0   0   0   0   0   0    
0   255 0   0   0   0   0   0   0    
0   255 255 255 255 0   0   0   0    
0   255 0   0   255 255 0   0   0    
0   255 0   0   0   255 255 0   0    
0   255 0   0   0   0   255 0   0    
0   0   0   0   0   0   0   0   0    
0   0   0   0   0   0   0   0   0    


 Detected and marked Image: 
0   0   0   0   0   0   0   0   0    
0   0   0   0   0   0   0   0   0    
0   1   0   0   0   0   0   0   0    
0   2   0   0   0   0   0   0   0    
0   2   0   0   0   2   1   0   0    
0   2   0   0   2   2   0   0   0    
0   3   2   2   2   0   0   0   0    
0   2   0   0   0   0   0   0   0    
0   2   0   0   0   0   0   0   0    
0   3   2   2   2   0   0   0   0    
0   2   0   0   2   2   0   0   0    
0   2   0   0   0   2   2   0   0    
0   1   0   0   0   0   1   0   0    
0   0   0   0   0   0   0   0   0    
0   0   0   0   0   0   0   0   0    
endpoint: 4, branchpoint: 2
e amount: 151
Threshold  TP   FP   TN  FN  TPR     FPR
176       151    893    218   0   100    80
178       151    842    269   0   100    75
180       151    776    335   0   100    69
182       151    710    401   0   100    63
184       151    651    460   0   100    58
186       151    599    512   0   100    53
188       151    560    551   0   100    50
190       151    524    587   0   100    47
192       151    493    618   0   100    44
194       151    458    653   0   100    41
196       151    421    690   0   100    37
198       151    383    728   0   100    34
200       151    351    760   0   100    31
202       151    316    795   0   100    28
204       151    274    837   0   100    24
206       151    248    863   0   100    22
208       151    234    877   0   100    21
210       151    216    895   0   100    19
212       151    197    914   0   100    17
214       151    187    924   0   100    16
216       150    176    935   1   99    15
218       149    162    949   2   98    14
220       145    151    960   6   96    13
222       143    148    963   8   94    13
224       141    141    970   10   93    12
226       138    136    975   13   91    12
228       133    124    987   18   88    11
230       127    113    998   24   84    10
232       119    107    1004   32   78    9
234       116    105    1006   35   76    9
236       112    101    1010   39   74    9
238       107    99    1012   44   70    8
240       105    98    1013   46   69    8
242       104    98    1013   47   68    8
244       101    98    1013   50   66    8
246       101    98    1013   50   66    8
248       101    98    1013   50   66    8
250       99    98    1013   52   65    8
252       99    98    1013   52   65    8
254       99    98    1013   52   65    8
 TPR  
100
100
100
100
100
100
100
100
100
100
100
100
100
100
100
100
100
100
100
100
99
98
96
94
93
91
88
84
78
76
74
70
69
68
66
66
66
65
65
65
 FPR
80
75
69
63
58
53
50
47
44
41
37
34
31
28
24
22
21
19
17
16
15
14
13
13
12
12
11
10
9
9
9
8
8
8
8
8
8
8
8
8
 Threshold
176
178
180
182
184
186
188
190
192
194
196
198
200
202
204
206
208
210
212
214
216
218
220
222
224
226
228
230
232
234
236
238
240
242
244
246
248
250
252
254
